Noise Level Analysis Results:

Compressor: gzip
Accuracies: [1.0, 1.0, 1.0, 1.0, 0.9090909090909091, 0.8181818181818182, 0.5454545454545454, 0.36363636363636365, 0.2727272727272727, 0.2727272727272727]
F1 Scores: [1.0, 1.0, 1.0, 1.0, 0.9393939393939393, 0.8636363636363636, 0.6103896103896104, 0.4343434343434343, 0.34545454545454546, 0.34545454545454546]

Compressor: bzip2
Accuracies: [1.0, 1.0, 1.0, 1.0, 1.0, 0.9090909090909091, 0.8181818181818182, 0.5454545454545454, 0.45454545454545453, 0.36363636363636365]
F1 Scores: [1.0, 1.0, 1.0, 1.0, 1.0, 0.9393939393939394, 0.8636363636363636, 0.6103896103896104, 0.5227272727272727, 0.4343434343434343]

Compressor: lzma
Accuracies: [1.0, 1.0, 1.0, 1.0, 1.0, 1.0, 1.0, 1.0, 0.9090909090909091, 0.8181818181818182]
F1 Scores: [1.0, 1.0, 1.0, 1.0, 1.0, 1.0, 1.0, 1.0, 0.9393939393939394, 0.8636363636363636]

Compressor: zstd
Accuracies: [1.0, 1.0, 1.0, 1.0, 1.0, 0.9090909090909091, 0.8181818181818182, 0.6363636363636364, 0.45454545454545453, 0.36363636363636365]
F1 Scores: [1.0, 1.0, 1.0, 1.0, 1.0, 0.9393939393939393, 0.8636363636363636, 0.7272727272727273, 0.5636363636363636, 0.47878787878787876]
