Noise Level Analysis Results:

Compressor: gzip
Noise Type: white
Noise Levels: [0.  0.1 0.2 0.3 0.4 0.5 0.6 0.7 0.8 0.9]
Accuracies: [0.9655172413793104, 0.896551724137931, 0.7931034482758621, 0.7241379310344828, 0.6206896551724138, 0.5517241379310345, 0.5172413793103449, 0.4482758620689655, 0.41379310344827586, 0.3103448275862069]
F1 Scores: [0.9770114942528735, 0.9310344827586207, 0.8563218390804598, 0.7931034482758621, 0.7011494252873562, 0.6471264367816092, 0.5896551724137931, 0.5402298850574713, 0.4942528735632184, 0.35919540229885055]

Compressor: bzip2
Noise Type: white
Noise Levels: [0.  0.1 0.2 0.3 0.4 0.5 0.6 0.7 0.8 0.9]
Accuracies: [1.0, 0.9310344827586207, 0.8620689655172413, 0.7931034482758621, 0.8275862068965517, 0.6551724137931034, 0.6551724137931034, 0.6206896551724138, 0.5517241379310345, 0.5517241379310345]
F1 Scores: [1.0, 0.9540229885057471, 0.9080459770114943, 0.8448275862068965, 0.8793103448275861, 0.7413793103448276, 0.7241379310344827, 0.693103448275862, 0.6241379310344828, 0.6413793103448276]

Compressor: lzma
Noise Type: white
Noise Levels: [0.  0.1 0.2 0.3 0.4 0.5 0.6 0.7 0.8 0.9]
Accuracies: [0.9655172413793104, 0.9310344827586207, 0.8620689655172413, 0.7931034482758621, 0.6896551724137931, 0.5862068965517241, 0.4827586206896552, 0.4482758620689655, 0.4482758620689655, 0.3793103448275862]
F1 Scores: [0.9770114942528735, 0.9540229885057471, 0.8942528735632184, 0.8482758620689654, 0.7563218390804598, 0.667816091954023, 0.5706075533661741, 0.5325670498084291, 0.5494252873563219, 0.47758620689655173]

Compressor: zstd
Noise Type: white
Noise Levels: [0.  0.1 0.2 0.3 0.4 0.5 0.6 0.7 0.8 0.9]
Accuracies: [1.0, 0.896551724137931, 0.896551724137931, 0.8620689655172413, 0.8275862068965517, 0.6896551724137931, 0.6206896551724138, 0.5172413793103449, 0.5172413793103449, 0.4482758620689655]
F1 Scores: [1.0, 0.9310344827586207, 0.9310344827586207, 0.9022988505747126, 0.8735632183908045, 0.7758620689655172, 0.6896551724137931, 0.6063218390804598, 0.5919540229885056, 0.5]
