Noise Level Analysis Results:

Compressor: gzip
Accuracies: [1.0, 1.0, 1.0, 1.0, 1.0, 1.0, 0.9090909090909091, 0.9090909090909091]
F1 Scores: [1.0, 1.0, 1.0, 1.0, 1.0, 1.0, 0.9393939393939393, 0.9393939393939393]

Compressor: bzip2
Accuracies: [1.0, 1.0, 1.0, 1.0, 1.0, 1.0, 0.9090909090909091, 0.9090909090909091]
F1 Scores: [1.0, 1.0, 1.0, 1.0, 1.0, 1.0, 0.9393939393939394, 0.9393939393939394]

Compressor: lzma
Accuracies: [1.0, 1.0, 1.0, 1.0, 1.0, 1.0, 0.9090909090909091, 0.8181818181818182]
F1 Scores: [1.0, 1.0, 1.0, 1.0, 1.0, 1.0, 0.9393939393939393, 0.8636363636363636]

Compressor: zstd
Accuracies: [1.0, 1.0, 1.0, 1.0, 1.0, 1.0, 0.9090909090909091, 0.9090909090909091]
F1 Scores: [1.0, 1.0, 1.0, 1.0, 1.0, 1.0, 0.9393939393939394, 0.9393939393939394]
