Noise Level Analysis Results:

Compressor: bzip2
Noise Type: white
Noise Levels: [0.1 0.2 0.3 0.4 0.5 0.6 0.7 0.8 0.9]
Accuracies: [0.9310344827586207, 0.896551724137931, 0.8620689655172413, 0.8620689655172413, 0.8275862068965517, 0.7586206896551724, 0.8275862068965517, 0.8275862068965517, 0.6896551724137931]
F1 Scores: [0.9540229885057471, 0.9310344827586207, 0.896551724137931, 0.9080459770114943, 0.8793103448275861, 0.82183908045977, 0.8597701149425286, 0.8620689655172413, 0.7602627257799671]

Compressor: gzip
Noise Type: white
Noise Levels: [0.1 0.2 0.3 0.4 0.5 0.6 0.7 0.8 0.9]
Accuracies: [0.896551724137931, 0.8275862068965517, 0.8275862068965517, 0.7241379310344828, 0.7241379310344828, 0.5862068965517241, 0.5172413793103449, 0.5172413793103449, 0.41379310344827586]
F1 Scores: [0.9310344827586207, 0.8735632183908045, 0.8735632183908045, 0.7717569786535303, 0.7873563218390804, 0.632183908045977, 0.560919540229885, 0.6011494252873562, 0.48850574712643674]

Compressor: lzma
Noise Type: white
Noise Levels: [0.1 0.2 0.3 0.4 0.5 0.6 0.7 0.8 0.9]
Accuracies: [0.896551724137931, 0.8275862068965517, 0.7586206896551724, 0.7241379310344828, 0.7241379310344828, 0.5862068965517241, 0.6206896551724138, 0.6206896551724138, 0.5172413793103449]
F1 Scores: [0.9310344827586206, 0.8563218390804598, 0.7832512315270936, 0.7241379310344828, 0.7717569786535303, 0.6091954022988505, 0.7011494252873562, 0.6816091954022988, 0.606896551724138]

Compressor: zstd
Noise Type: white
Noise Levels: [0.1 0.2 0.3 0.4 0.5 0.6 0.7 0.8 0.9]
Accuracies: [0.896551724137931, 0.8275862068965517, 0.8275862068965517, 0.8620689655172413, 0.7586206896551724, 0.6551724137931034, 0.7241379310344828, 0.6551724137931034, 0.6206896551724138]
F1 Scores: [0.9310344827586207, 0.8735632183908045, 0.8735632183908045, 0.9022988505747126, 0.8160919540229884, 0.7241379310344828, 0.7735632183908044, 0.7333333333333333, 0.6970443349753693]
